Ad=[0 1;-0.8187 1.753];
Bd=[0;1];
Cd=[0.02721 0.02909];
